2009 4433
2013 209
2023 7543
2027 7492
2045 391
2060 7602
2074 2462
2084 9572
2085 4016
2097 7726
2105 5478
2120 4792
2151 1614
2161 9941
2166 2681
2168 3019
2190 8771
2198 1535
2212 5148
2230 3445
2234 7277
2255 5019
2288 6255
2293 2262
2302 6690
2304 1466
2315 6112
2331 8827
2336 873
2343 5932
2344 1327
2360 4474
2362 4258
2368 4987
2379 1581
2388 7053
2432 3488
2434 7677
2448 7828
2449 4161
2485 7032
2505 2221
2508 4661
2509 1323
2511 3461
2541 2593
2551 2804
2559 968
2560 7264
2577 7372
2582 4845
2593 895
2610 2293
2615 6333
2616 9493
2618 8363
2640 2801
2652 5570
2665 9615
2667 3040
2680 8370
2682 3711
2703 8954
2706 5628
2719 6929
2731 6528
2737 8671
2748 5802
2749 1338
2776 154
2797 7526
2825 4315
2874 2154
2911 4813
2927 7007
2948 5849
2954 6136
2963 7769
2968 9502
2970 1614
2977 9054
2995 1713
3022 1201
3023 6829
3035 4823
3044 575
3051 8207
3056 8358
3082 7020
3098 2775
3102 6342
3103 9239
3110 532
3121 8785
3131 7189
3135 327
3141 8972
3142 7016
3147 2714
3149 5891
3178 6145
3186 4074
3188 8872
3195 1533
3200 1308
3215 8266
3223 8436
3230 7493
3235 8010
3242 6559
3256 8021
3272 2985
3278 5888
3300 344
3311 7909
3320 3971
3325 3065
3328 9057
3341 3372
3349 2980
3350 5158
3366 2564
3394 8104
3398 3026
3406 616
3412 6456
3423 2949
3424 745
3450 2877
3481 784
3484 6784
3485 5849
3487 4436
3490 1116
